N01LIHSPCCF14	N01LIHSPCCN6	N01SIC10	N01SIC2	NR1BMMPPCM16	N01LIHSPCCM6	N01LIMPPCF17	N01SiC10	N01SIC6	N01BMHSPCCB8	NR1LIMPPCC15	NR1LIMPPCE14	NR1LIHSCCH10	NR1LIHSCCN16	NR1LIMPPCL10	NR1SIC3	NR1SIC4	NR1LIMPPCI7	NR1LIMPPCK6	NR1SIC2	NR2LIHSCCL20	NR2LIHSCCO23	NR2LIHSCCB21	NR2LIHSCCB22	NR2LIHSCCB8	NR2LIHSCCK20	NR2SIC2	NR2SIC5	NR2SIC6	NR2LIMPPCJ4	MH2LIMPPCD13	MH2LIMPPCL13	OS1LIHSPCC1D23	OS1LIHSPCC2B21	OS1LIHSPCC2D6	OS1LIHSPCC3J5	OS1LIMPPC5G9	OS1LIMPPC5M4	OS1LIHSPCC4C21	OS1SIC1	OS1SIC3	OS1SIC8	MH3LIMPPCG4	MH3LIMPPCM4	F100916W15-I-1	F100916W15-I-2	F100916W15-I-3	F100916W17-I-1	F100916W17-I-5	E080416-I-5	E080416-I-8
A[C>A]A	0	0	0	2	0	3	3	2	0	1	0	0	0	0	0	0	0	0	0	0	0	0	0	0	1	0	0	1	0	1	1	0	1	8	2	0	0	0	0	0	0	0	0	0	1	0	0	0	2	2	2
A[C>A]C	0	0	0	0	0	1	0	0	0	0	0	0	0	0	0	0	1	1	1	0	0	0	2	0	0	0	0	0	0	1	2	0	2	1	0	2	1	0	0	0	1	0	0	0	1	0	0	0	0	0	1
A[C>A]G	0	0	0	0	0	0	0	0	0	0	0	0	0	0	0	0	1	0	0	1	0	0	0	0	0	0	0	0	0	0	0	0	0	0	0	0	0	0	0	0	0	1	0	0	0	0	0	0	0	1	0
A[C>A]T	1	0	0	0	0	0	0	1	0	0	0	1	0	0	0	0	0	0	1	2	1	0	0	1	0	0	0	0	0	0	0	0	2	2	0	1	0	1	0	0	0	0	0	0	0	0	1	0	0	1	1
C[C>A]A	0	0	0	0	0	0	0	0	0	0	0	0	1	1	2	0	0	1	0	0	0	0	0	0	1	2	0	0	0	0	0	0	1	4	2	0	0	0	1	0	0	0	0	1	0	0	0	0	0	2	3
C[C>A]C	0	0	0	0	0	0	0	0	0	0	0	2	0	0	0	0	0	1	1	0	0	0	1	2	0	0	1	0	0	1	0	0	0	2	0	1	0	0	0	0	0	2	0	0	0	1	0	1	0	0	1
C[C>A]G	0	0	0	0	0	0	0	0	0	0	0	0	0	0	0	0	0	0	0	0	0	0	0	0	0	0	0	1	0	0	0	0	2	0	1	1	1	0	0	2	0	0	0	0	0	0	0	0	0	0	0
C[C>A]T	0	1	0	0	1	0	0	0	0	0	1	0	0	2	0	0	0	1	0	0	0	0	0	0	0	1	0	0	1	0	0	0	1	0	0	0	0	0	0	0	0	1	0	0	2	0	1	0	0	0	1
G[C>A]A	1	0	0	0	0	0	0	1	0	2	4	2	3	2	3	2	2	1	0	1	0	0	0	0	1	0	1	0	0	0	0	1	0	4	1	1	0	1	0	0	1	2	1	1	0	0	1	2	1	4	0
G[C>A]C	0	0	0	0	0	0	0	0	0	0	0	0	0	0	0	0	0	0	0	1	0	0	0	1	1	0	1	0	0	0	0	0	1	0	0	0	0	0	0	0	0	0	1	1	0	1	0	0	0	1	2
G[C>A]G	0	0	0	0	0	0	1	0	0	0	0	1	0	0	0	0	0	0	0	0	0	0	0	0	0	0	0	0	0	0	0	0	0	2	0	0	0	0	0	0	0	0	0	1	0	0	0	0	0	1	0
G[C>A]T	1	0	0	0	0	0	0	0	0	0	0	0	0	0	0	0	0	0	1	0	0	0	0	0	1	1	0	0	0	0	0	0	0	1	1	0	0	1	0	0	0	1	0	0	0	0	1	0	0	1	2
T[C>A]A	0	1	0	0	0	2	0	1	0	0	0	0	0	0	0	0	1	1	0	0	0	0	1	0	1	1	0	0	0	0	0	0	4	5	1	1	1	1	2	2	0	1	0	1	0	0	1	3	0	2	3
T[C>A]C	0	0	0	0	1	0	0	0	0	1	0	0	0	0	0	0	1	0	1	1	1	0	1	0	0	0	0	0	0	0	0	0	3	2	0	0	0	0	0	0	0	0	0	0	0	0	0	0	0	0	1
T[C>A]G	0	0	0	0	0	0	0	0	0	0	0	0	0	0	2	0	0	0	0	0	0	0	0	0	0	0	0	1	0	0	1	0	1	0	1	0	0	0	0	0	0	0	0	0	0	0	0	0	0	0	0
T[C>A]T	1	1	1	0	1	0	0	0	1	1	0	0	0	0	1	0	0	0	0	0	0	0	0	0	0	0	1	1	0	0	1	1	3	5	0	0	1	0	0	0	0	2	0	0	1	0	1	2	0	6	3
A[C>G]A	0	0	1	0	0	0	0	0	0	0	0	0	0	0	0	0	0	0	0	0	0	0	0	0	0	0	0	0	0	0	0	0	0	0	0	0	0	0	0	0	0	2	0	2	0	1	1	0	1	0	1
A[C>G]C	1	1	1	0	1	0	0	0	1	0	0	0	0	0	0	0	0	0	0	0	0	0	1	0	0	0	0	0	0	0	0	0	2	1	0	1	0	0	0	0	0	0	0	0	0	3	0	0	0	1	0
A[C>G]G	0	0	0	0	0	0	0	0	0	0	1	0	0	0	0	0	0	0	0	0	0	0	0	0	0	0	0	0	0	0	0	1	0	1	0	0	0	0	0	0	0	0	0	0	0	0	0	0	0	0	0
A[C>G]T	0	0	0	0	0	0	0	1	0	0	0	0	0	0	0	0	0	0	0	0	0	0	0	0	0	0	0	0	0	1	0	0	0	3	0	1	0	0	0	1	0	1	0	0	0	0	1	0	0	2	1
C[C>G]A	0	0	0	0	0	0	0	1	0	0	0	0	0	0	1	0	0	0	0	0	0	0	0	0	0	0	0	0	0	0	0	0	0	1	0	0	0	0	0	0	0	1	1	1	0	0	0	0	0	1	0
C[C>G]C	0	0	0	0	0	0	0	0	1	0	0	0	0	0	0	0	0	0	0	0	0	0	0	0	0	0	0	0	0	0	0	0	0	1	0	0	0	0	0	0	0	0	0	0	0	0	0	0	0	2	0
C[C>G]G	0	0	0	0	0	0	0	0	0	0	0	0	0	0	0	0	1	0	0	0	0	1	0	0	0	0	0	0	0	0	0	0	0	0	0	0	0	0	0	0	0	1	0	0	0	0	0	0	0	0	0
C[C>G]T	0	0	0	0	0	0	0	0	1	0	0	0	0	0	0	1	0	0	0	0	0	0	1	0	0	0	1	0	0	0	0	0	1	2	1	1	1	0	0	1	0	2	0	0	0	1	0	1	0	1	0
G[C>G]A	0	0	0	0	0	0	0	0	0	0	0	0	0	0	0	0	0	0	0	0	0	0	0	0	0	0	0	0	0	0	0	0	0	0	0	0	0	0	0	0	0	0	0	0	0	0	0	0	0	0	0
G[C>G]C	0	0	0	0	0	0	0	0	0	0	0	0	1	0	0	0	0	0	0	0	1	0	0	0	0	0	0	0	0	0	0	1	1	0	0	0	0	0	0	0	0	1	0	0	0	0	0	0	1	0	0
G[C>G]G	0	0	0	0	0	0	0	0	0	0	0	0	0	0	0	0	0	0	0	0	0	0	0	0	0	0	0	0	0	0	0	1	0	0	0	0	0	0	0	0	0	0	0	0	0	0	0	0	0	0	0
G[C>G]T	0	0	0	0	0	0	0	0	0	0	0	1	0	0	0	0	0	0	0	0	0	0	0	0	0	0	0	0	0	0	0	0	0	2	0	0	0	0	0	1	0	0	0	0	0	1	0	0	0	0	0
T[C>G]A	0	0	0	0	0	0	0	0	0	0	0	0	0	0	0	0	0	0	0	0	0	0	0	0	0	2	0	0	0	0	0	0	0	4	0	0	1	0	0	0	0	1	0	0	1	0	1	0	1	0	1
T[C>G]C	0	0	0	1	0	0	0	0	0	0	0	0	0	0	0	0	0	0	0	0	0	0	0	0	0	0	0	0	0	0	0	0	1	1	0	0	0	0	0	0	0	0	0	0	0	0	0	0	1	0	0
T[C>G]G	0	0	0	1	0	1	1	1	0	0	0	0	0	0	0	0	0	0	0	1	0	0	0	0	0	0	0	0	0	0	0	0	1	1	1	1	1	1	1	1	0	1	0	0	0	0	0	0	0	0	0
T[C>G]T	0	0	0	0	0	0	0	0	0	0	2	0	0	0	0	0	0	1	1	0	0	0	0	2	0	0	0	0	0	0	0	1	3	4	1	1	1	2	2	1	1	1	1	0	0	2	0	0	0	2	1
A[C>T]A	3	0	0	0	2	0	1	1	0	1	1	1	0	0	1	0	2	1	1	1	0	1	1	5	2	1	1	0	2	1	0	1	3	6	2	0	0	1	0	0	1	2	2	2	1	0	1	2	1	5	2
A[C>T]C	0	0	0	0	1	0	0	0	1	0	0	0	0	0	0	0	0	0	0	0	1	2	0	1	0	0	1	1	0	0	0	0	1	2	0	0	1	0	0	1	0	0	0	0	0	1	0	1	1	2	0
A[C>T]G	3	3	1	2	5	2	4	6	2	3	2	1	4	4	5	3	6	1	1	4	4	1	3	0	1	2	5	3	6	2	2	1	1	1	8	3	3	3	6	3	6	5	2	2	4	3	3	3	4	2	3
A[C>T]T	3	1	0	0	0	0	0	0	0	0	3	0	0	0	0	0	0	0	1	1	1	1	0	0	1	0	0	0	1	0	0	0	2	3	3	1	1	0	0	2	1	2	1	2	0	4	0	1	0	1	1
C[C>T]A	0	0	0	1	0	0	0	1	0	1	1	0	0	0	1	0	1	0	0	0	0	1	0	0	1	0	0	0	0	0	1	1	1	5	2	1	1	1	2	1	2	3	1	0	1	1	4	1	0	1	1
C[C>T]C	1	0	0	0	0	0	1	0	0	1	1	0	1	1	2	2	0	0	0	1	0	1	1	0	0	0	0	0	0	0	0	0	0	1	0	1	0	0	0	0	1	0	0	0	1	0	1	1	0	0	1
C[C>T]G	3	2	3	1	1	5	2	4	1	2	1	1	1	2	4	4	1	2	1	1	2	0	3	1	0	0	4	0	1	1	2	1	3	3	1	4	2	2	3	2	4	2	1	3	3	7	1	2	1	5	6
C[C>T]T	0	0	0	1	0	2	0	0	0	0	1	0	0	1	0	1	1	0	1	4	0	0	0	1	0	0	1	1	1	0	1	2	1	2	2	1	0	1	0	2	2	0	1	0	0	1	1	0	2	4	0
G[C>T]A	1	0	0	0	1	0	1	0	0	1	3	1	0	0	0	0	0	1	0	0	0	0	1	1	0	0	1	2	0	0	1	0	0	4	2	0	0	1	0	1	1	0	1	1	0	0	0	1	0	0	0
G[C>T]C	0	0	0	1	1	0	0	1	0	1	0	1	0	0	0	0	0	1	0	0	1	1	0	1	0	0	1	0	0	1	0	0	2	0	0	0	1	1	1	0	1	1	0	1	0	0	0	1	1	1	4
G[C>T]G	2	1	2	2	1	2	3	3	2	4	1	0	2	3	1	1	5	2	0	1	0	1	1	4	0	1	2	3	1	1	0	1	3	4	5	1	2	1	3	3	2	8	1	1	1	3	2	2	3	1	2
G[C>T]T	1	1	0	1	1	0	0	0	0	0	0	0	1	0	1	0	0	0	1	1	0	1	0	0	0	2	0	1	1	1	0	1	0	4	1	0	0	2	2	0	1	1	1	0	2	0	1	1	1	1	1
T[C>T]A	1	0	0	1	2	2	0	1	1	1	0	0	0	0	2	0	0	1	0	1	1	0	0	1	4	0	0	1	1	1	1	0	1	2	1	0	0	0	0	1	0	2	0	0	2	0	2	0	2	3	2
T[C>T]C	0	1	0	0	0	1	0	0	1	2	0	2	0	0	0	0	1	0	1	0	0	0	0	1	0	1	1	0	0	0	0	0	3	2	0	1	0	1	0	0	0	1	0	3	0	1	0	1	2	1	0
T[C>T]G	0	2	0	0	2	0	0	2	4	1	0	0	0	0	3	2	3	3	2	2	0	1	2	1	0	2	0	0	0	0	1	2	1	2	1	1	0	2	2	0	1	2	2	2	2	3	2	0	1	3	3
T[C>T]T	0	3	0	0	0	0	1	1	0	0	0	0	0	0	2	0	1	1	0	0	0	0	0	1	1	1	2	2	1	0	0	1	1	2	0	1	0	1	2	3	0	1	1	0	2	1	0	1	1	2	1
A[T>A]A	0	0	0	0	0	1	1	0	0	0	0	1	0	0	0	0	0	0	0	0	0	1	1	0	0	0	0	0	0	0	0	0	2	0	1	1	1	0	0	1	0	0	0	2	0	1	0	0	0	1	0
A[T>A]C	0	0	0	0	0	0	0	1	0	0	0	0	0	0	1	0	0	0	0	0	1	0	0	0	0	0	0	0	0	0	0	0	1	4	1	2	1	1	1	1	0	2	0	0	0	1	0	0	0	1	1
A[T>A]G	0	0	0	0	0	0	0	0	0	0	0	0	0	0	0	0	0	0	0	0	0	0	0	0	0	0	0	0	0	0	0	0	1	1	1	0	0	0	0	0	0	0	0	0	0	0	0	0	0	0	0
A[T>A]T	1	2	1	0	1	1	1	0	1	0	0	0	0	0	0	1	0	1	1	1	0	0	0	0	0	0	0	0	1	0	2	0	2	0	0	0	1	0	0	0	0	0	0	1	1	0	0	2	1	0	0
C[T>A]A	0	1	0	0	1	0	0	0	0	0	0	0	0	0	0	0	0	1	0	0	0	1	0	0	1	0	0	0	1	0	0	0	1	2	0	0	0	0	0	0	0	1	0	0	0	0	0	0	1	1	1
C[T>A]C	0	0	0	0	0	0	0	0	0	0	0	0	0	0	0	0	0	0	1	0	0	0	0	0	0	1	0	0	0	0	0	0	0	0	1	0	0	0	0	0	0	0	0	0	1	0	0	0	1	0	1
C[T>A]G	0	0	0	0	0	0	0	0	0	0	0	0	0	0	0	0	0	0	0	0	0	0	0	0	0	0	0	0	0	0	0	0	4	0	0	0	0	0	0	0	0	0	0	0	0	0	0	0	0	0	0
C[T>A]T	0	0	0	0	0	0	0	0	0	0	0	0	0	0	0	0	1	0	0	0	0	0	0	0	0	1	0	0	0	0	0	0	1	1	0	1	0	1	0	0	1	0	1	0	0	0	0	0	1	0	1
G[T>A]A	0	0	0	0	0	0	0	0	0	0	0	0	0	0	0	0	0	0	1	0	0	0	0	0	0	1	0	0	0	0	0	0	2	1	1	1	1	0	0	1	0	0	0	0	0	0	0	0	0	0	0
G[T>A]C	0	0	0	0	0	0	0	0	0	0	0	0	0	0	0	0	0	0	0	0	0	0	0	1	0	1	0	0	0	0	0	0	0	1	0	0	0	0	0	0	0	0	0	0	0	0	1	0	0	0	0
G[T>A]G	0	0	0	0	0	1	0	0	0	0	1	0	0	0	0	0	0	0	0	0	0	0	0	0	0	0	0	0	0	0	0	0	3	1	0	0	0	0	0	0	0	0	0	0	0	0	0	0	0	1	0
G[T>A]T	0	0	0	1	0	1	1	1	0	1	1	1	1	1	1	1	1	1	0	0	0	0	0	0	0	0	0	0	0	0	0	0	0	0	1	0	0	0	0	0	0	1	0	0	0	0	0	0	0	0	0
T[T>A]A	0	0	0	0	0	1	1	0	0	0	0	0	0	1	0	0	0	1	0	1	1	0	1	0	1	0	0	0	1	0	0	0	1	2	1	0	1	0	1	0	1	1	0	1	0	1	0	0	0	1	0
T[T>A]C	0	0	0	0	0	0	0	0	0	0	0	0	0	0	1	0	0	0	0	1	0	0	0	0	0	0	0	0	0	0	0	1	0	1	1	0	0	0	0	0	1	0	0	0	0	0	0	0	0	0	0
T[T>A]G	0	0	0	0	0	0	0	0	0	0	1	0	0	0	0	0	0	0	0	0	0	2	0	0	0	0	0	0	0	0	0	0	3	0	0	0	0	0	0	0	0	0	0	0	0	0	0	0	0	1	1
T[T>A]T	0	1	0	1	0	1	2	2	0	0	0	1	0	0	0	0	1	0	0	0	0	0	0	1	0	1	0	1	0	0	0	0	0	3	0	0	0	1	3	0	0	2	2	1	0	1	0	0	2	2	2
A[T>C]A	1	1	1	1	1	0	1	1	1	4	2	1	1	1	1	1	2	4	0	0	0	1	0	0	0	0	2	0	0	0	0	0	5	1	1	1	1	0	0	1	2	1	2	0	0	3	2	0	0	1	0
A[T>C]C	0	0	1	0	0	1	0	0	0	0	0	0	0	0	1	0	0	0	0	1	0	0	0	1	1	0	0	0	0	0	0	0	0	0	1	0	0	0	0	0	0	0	0	0	1	0	0	0	0	0	0
A[T>C]G	1	1	1	0	1	0	0	0	1	1	0	1	0	0	0	0	0	0	0	1	0	0	1	1	0	0	0	0	0	0	0	0	4	3	1	1	1	1	1	1	0	1	0	0	0	0	1	1	0	1	1
A[T>C]T	2	2	2	1	1	2	1	2	1	0	0	0	0	0	0	0	0	0	0	0	1	1	0	1	1	0	0	0	0	0	0	0	3	1	0	0	1	0	1	0	0	0	0	0	1	0	1	1	0	0	0
C[T>C]A	0	0	0	0	0	0	0	0	0	1	0	0	0	0	0	0	0	0	0	0	0	0	0	0	1	0	0	1	0	0	0	0	1	1	0	0	0	0	0	0	0	0	1	0	1	0	0	0	2	2	0
C[T>C]C	0	0	0	0	0	0	0	0	0	0	0	0	0	0	0	0	0	0	0	0	0	0	0	0	0	0	0	0	0	1	1	0	1	1	0	0	0	0	0	0	0	1	0	0	0	0	0	0	0	0	0
C[T>C]G	0	0	0	0	0	0	1	0	0	1	1	1	1	1	1	0	0	0	0	0	0	0	0	1	0	0	0	0	0	0	1	0	0	2	1	1	1	0	1	1	0	0	0	0	0	1	1	0	0	1	2
C[T>C]T	0	1	1	0	0	0	0	0	0	1	0	0	0	0	0	0	0	1	0	1	0	0	0	0	0	0	1	0	1	0	0	0	1	0	0	0	0	0	1	1	0	0	0	0	0	0	0	0	0	1	2
G[T>C]A	0	0	0	1	0	1	1	3	1	0	1	0	0	0	1	0	0	0	0	0	0	1	1	0	1	0	0	1	0	0	0	0	1	1	2	1	1	0	0	1	0	0	1	0	0	1	0	0	0	1	3
G[T>C]C	0	0	0	0	0	0	0	0	0	0	0	0	0	0	0	0	0	0	0	0	0	1	0	0	0	0	0	1	0	0	0	0	1	1	0	0	0	0	0	1	0	2	0	1	2	1	1	0	0	0	1
G[T>C]G	0	0	0	0	1	0	0	0	0	0	0	0	0	0	0	0	0	0	0	1	0	0	0	1	0	0	0	0	0	0	0	0	0	0	0	0	0	0	0	0	0	0	0	0	0	0	0	3	0	1	0
G[T>C]T	0	0	0	0	0	0	0	0	0	2	1	1	1	1	1	2	1	1	0	0	0	0	0	0	0	0	0	0	0	0	0	2	1	0	1	1	1	0	0	1	0	0	0	1	1	2	0	1	1	0	0
T[T>C]A	0	0	0	0	0	0	0	0	0	0	0	0	0	0	0	0	0	0	1	2	0	0	0	0	0	0	0	0	0	1	1	0	0	1	0	0	0	1	0	0	0	1	0	1	0	0	0	0	2	0	0
T[T>C]C	0	0	0	0	2	0	0	0	0	1	0	0	0	0	0	0	0	0	0	0	0	0	0	0	0	0	0	0	0	1	1	0	0	2	0	1	0	0	0	0	0	0	1	0	0	0	1	1	0	0	1
T[T>C]G	1	1	1	0	2	0	0	0	1	0	0	0	0	0	0	0	0	0	0	0	0	0	0	0	0	0	0	1	0	0	0	0	0	0	0	0	0	0	0	0	0	1	1	0	0	0	0	1	1	0	0
T[T>C]T	0	0	0	0	0	0	0	0	0	0	1	0	0	0	0	0	0	0	0	1	0	0	0	1	0	1	1	1	1	1	1	1	0	3	1	0	1	2	1	2	0	1	0	0	1	0	2	2	0	2	0
A[T>G]A	0	0	0	0	0	0	0	0	0	0	0	0	0	0	0	0	0	0	0	0	0	0	1	0	0	1	0	0	1	0	0	0	0	1	0	0	0	0	0	0	0	0	0	0	0	0	0	0	0	0	1
A[T>G]C	1	0	0	0	0	0	0	0	0	0	0	0	0	0	0	0	0	0	0	0	0	0	0	0	0	0	0	0	0	0	0	0	0	1	0	0	0	0	0	0	0	0	0	0	0	0	0	0	0	1	0
A[T>G]G	0	0	0	0	0	0	0	0	0	0	0	0	0	0	0	0	0	0	0	0	0	0	0	0	1	0	0	0	0	0	0	1	0	0	1	0	0	0	0	1	0	0	0	0	1	0	0	1	0	1	0
A[T>G]T	0	0	0	0	0	0	0	0	0	0	0	0	0	0	0	0	1	0	2	2	0	0	0	0	0	1	0	0	0	0	0	0	0	0	0	0	0	0	0	0	0	0	0	0	0	0	1	0	1	1	0
C[T>G]A	0	0	0	0	0	0	0	0	0	0	0	0	0	0	0	0	0	0	0	0	0	0	0	0	0	0	0	0	0	0	0	0	1	0	0	0	0	0	0	0	0	0	0	0	0	0	0	0	0	1	0
C[T>G]C	0	0	0	0	0	0	0	0	0	0	0	0	0	0	0	0	0	0	0	0	0	0	0	0	0	0	0	0	0	0	0	0	1	0	0	0	1	0	0	0	0	0	0	0	0	0	0	0	0	0	0
C[T>G]G	0	0	0	0	0	0	0	0	0	0	0	0	1	1	0	0	0	0	0	0	1	0	0	0	0	1	0	0	0	0	0	0	0	0	1	1	0	0	0	0	0	0	0	0	0	0	0	0	1	0	0
C[T>G]T	0	0	0	0	0	0	0	0	0	0	0	0	0	0	0	0	0	0	0	0	1	0	0	0	0	0	0	1	0	0	0	0	0	0	0	0	0	0	0	0	0	0	0	0	0	0	0	0	0	0	2
G[T>G]A	0	0	0	0	0	0	0	0	0	0	0	0	0	0	0	0	0	0	0	0	0	0	0	0	0	0	0	0	0	0	0	0	0	0	0	0	0	0	0	0	0	0	0	0	0	0	0	0	0	0	0
G[T>G]C	0	0	0	0	0	0	0	0	0	0	0	0	0	0	0	0	0	0	0	0	0	0	0	0	0	0	0	0	0	1	0	0	0	0	0	0	0	0	0	0	0	0	0	0	0	0	0	1	0	0	0
G[T>G]G	0	0	0	0	0	0	0	0	0	0	0	0	0	0	0	0	0	0	0	0	0	0	0	0	0	0	0	0	0	0	0	0	0	0	0	0	0	0	0	0	0	0	0	0	0	0	1	0	1	0	1
G[T>G]T	0	0	0	0	0	0	0	0	0	0	0	0	0	0	0	0	0	0	0	0	0	0	0	0	0	0	0	0	1	0	0	0	0	1	0	0	0	0	0	0	0	0	0	0	0	0	0	0	0	1	0
T[T>G]A	0	0	0	0	0	0	0	0	0	0	0	1	0	0	0	0	0	0	0	0	0	0	0	0	0	0	0	0	0	0	0	0	0	1	0	1	0	0	0	0	0	0	0	0	0	0	0	0	1	0	1
T[T>G]C	0	0	0	0	0	0	0	0	0	0	0	1	0	0	0	0	0	0	0	0	0	0	0	0	0	0	0	0	0	0	0	0	0	0	0	0	0	0	0	0	0	0	0	0	0	1	0	0	0	1	1
T[T>G]G	0	0	0	0	0	1	0	0	0	0	1	0	0	0	0	0	0	1	0	0	0	0	0	0	1	0	0	0	0	0	0	0	0	1	0	0	0	0	1	0	0	0	0	0	1	0	0	0	0	1	0
T[T>G]T	0	0	0	0	0	0	0	0	0	0	0	0	0	0	0	0	0	0	0	1	0	0	0	0	0	1	0	0	0	0	1	1	0	2	0	0	0	0	1	0	0	2	1	0	0	3	1	1	2	3	3
