N01	NR1	NR2	MH2	OS1	MH3	F100916W15	F100916W17	E080416
A[C>A]A	4	1	3	1	11	0	1	2	4
A[C>A]C	1	3	3	2	7	0	1	0	1
A[C>A]G	0	2	0	0	1	0	0	0	1
A[C>A]T	2	3	2	0	6	0	1	0	2
C[C>A]A	0	4	3	0	8	1	0	0	5
C[C>A]C	0	4	5	0	5	0	1	1	1
C[C>A]G	0	0	1	0	3	0	0	0	0
C[C>A]T	2	4	2	0	2	0	3	0	1
G[C>A]A	2	8	2	1	10	2	1	3	4
G[C>A]C	0	1	3	0	1	2	1	0	3
G[C>A]G	1	1	0	0	2	1	0	0	1
G[C>A]T	1	1	2	0	4	0	1	0	3
T[C>A]A	3	2	3	0	10	1	1	3	5
T[C>A]C	1	3	2	0	5	0	0	0	1
T[C>A]G	0	2	1	1	2	0	0	0	0
T[C>A]T	2	2	2	2	11	0	2	2	9
A[C>G]A	1	0	0	0	2	2	2	1	1
A[C>G]C	1	0	1	0	4	0	3	0	1
A[C>G]G	0	1	0	1	1	0	0	0	0
A[C>G]T	1	0	1	0	6	0	1	0	2
C[C>G]A	1	1	0	0	2	2	0	0	1
C[C>G]C	1	0	0	0	1	0	0	0	2
C[C>G]G	0	1	1	0	1	0	0	0	0
C[C>G]T	1	1	2	0	5	0	1	1	1
G[C>G]A	0	0	0	0	0	0	0	0	0
G[C>G]C	0	1	1	1	2	0	0	1	0
G[C>G]G	0	0	0	1	0	0	0	0	0
G[C>G]T	0	1	0	0	3	0	1	0	0
T[C>G]A	0	0	2	0	6	0	2	1	1
T[C>G]C	1	0	0	0	2	0	0	1	0
T[C>G]G	1	1	0	0	1	0	0	0	0
T[C>G]T	0	4	2	1	7	1	2	0	3
A[C>T]A	7	9	13	1	15	3	2	3	7
A[C>T]C	2	0	5	0	5	0	1	2	2
A[C>T]G	20	32	27	3	39	4	10	7	5
A[C>T]T	4	5	3	0	11	3	4	1	2
C[C>T]A	2	4	2	2	11	1	6	1	2
C[C>T]C	2	8	1	0	3	0	2	1	1
C[C>T]G	22	19	12	3	25	4	11	3	11
C[C>T]T	3	8	4	3	9	1	2	2	4
G[C>T]A	3	6	5	1	9	2	0	1	0
G[C>T]C	3	3	5	0	5	1	0	2	5
G[C>T]G	14	18	14	1	23	2	6	5	3
G[C>T]T	4	3	6	1	8	1	3	2	2
T[C>T]A	6	5	9	1	7	0	4	2	5
T[C>T]C	3	6	1	0	8	3	1	3	1
T[C>T]G	9	16	6	3	12	4	7	1	6
T[C>T]T	5	4	4	1	11	1	3	2	3
A[T>A]A	2	1	2	0	2	2	1	0	1
A[T>A]C	1	1	1	0	6	0	1	0	1
A[T>A]G	0	0	0	0	3	0	0	0	0
A[T>A]T	4	3	1	2	3	1	1	3	0
C[T>A]A	1	1	3	0	4	0	0	1	2
C[T>A]C	0	1	1	0	1	0	1	1	1
C[T>A]G	0	0	0	0	4	0	0	0	0
C[T>A]T	0	1	1	0	5	1	0	1	1
G[T>A]A	0	1	1	0	3	0	0	0	0
G[T>A]C	0	0	2	0	1	0	1	0	0
G[T>A]G	1	1	0	0	4	0	0	0	1
G[T>A]T	1	1	0	0	2	0	0	0	0
T[T>A]A	2	3	4	0	8	1	1	0	1
T[T>A]C	0	2	0	1	3	0	0	0	0
T[T>A]G	0	1	2	0	3	0	0	0	2
T[T>A]T	4	2	3	0	7	3	1	2	3
A[T>C]A	4	9	3	0	9	2	5	0	1
A[T>C]C	2	2	2	0	1	0	1	0	0
A[T>C]G	1	3	2	0	6	0	1	1	2
A[T>C]T	7	0	4	0	5	0	2	1	0
C[T>C]A	0	1	2	0	2	1	1	2	2
C[T>C]C	0	0	1	1	3	0	0	0	0
C[T>C]G	1	3	1	1	5	0	2	0	3
C[T>C]T	2	3	2	0	3	0	0	0	3
G[T>C]A	4	2	4	0	3	1	1	0	3
G[T>C]C	0	0	2	0	5	1	2	0	1
G[T>C]G	1	1	1	0	0	0	0	3	1
G[T>C]T	0	4	0	2	1	1	3	2	0
T[T>C]A	0	2	1	1	3	1	0	2	0
T[T>C]C	2	1	1	1	3	1	1	1	1
T[T>C]G	2	0	1	0	1	1	0	2	0
T[T>C]T	0	2	2	2	11	0	3	2	2
A[T>G]A	0	0	3	0	1	0	0	0	1
A[T>G]C	1	0	0	0	1	0	0	0	1
A[T>G]G	0	0	1	1	2	0	1	1	1
A[T>G]T	0	3	1	0	0	0	1	1	1
C[T>G]A	0	0	0	0	1	0	0	0	1
C[T>G]C	0	0	0	0	1	0	0	0	0
C[T>G]G	0	1	2	0	2	0	0	1	0
C[T>G]T	0	0	2	0	0	0	0	0	2
G[T>G]A	0	0	0	0	0	0	0	0	0
G[T>G]C	0	0	1	0	0	0	0	1	0
G[T>G]G	0	0	0	0	0	0	1	1	1
G[T>G]T	0	0	1	0	1	0	0	0	1
T[T>G]A	0	1	0	0	2	0	0	1	1
T[T>G]C	0	1	0	0	0	0	1	0	2
T[T>G]G	1	2	1	0	2	0	1	0	1
T[T>G]T	0	1	1	2	5	1	4	3	6
